960 30720 30720 30720 8.87739 3205.11 180.054 30720 30720 0.396627 178.533 30720 30720 32.4689 30720 0.2804 30720 30720 128.661 39.1466 30720 30720 2951.4 30720 2790 662.163 3142.98 30720 0.848905 30720 
30720 960 30720 30720 1074.01 30720 30720 0.542472 51.8962 1055.61 10.8372 30720 30720 0.576097 30720 30720 6.73609 30720 30720 30720 30720 3016.84 89.4822 2951.4 490.615 8.76491 30720 30720 0.286761 30720 
30720 30720 960 2761.78 9.2865 30720 2802.13 3124.18 0.298586 702.16 30720 30720 712.092 34.7973 30720 30720 30720 30720 30720 30720 30720 45.4852 30720 0.282557 30720 7.74022 30720 3.64798 30720 402.712 
30720 30720 2761.78 960 2802.13 30720 18.2054 30720 30720 30720 375.176 4.42379 30720 33.383 0.268467 30720 231.433 30720 30720 30720 30720 0.476585 30720 43.2345 666.498 1.06896 2759.64 2.82408 30720 30720 
8.87739 1074.01 9.2865 2802.13 960 30720 3070.37 173.89 767.792 45.1192 30720 1041.08 621.618 8.52867 30720 30720 1569.03 46.1891 30720 30720 0.270304 35.0295 30720 71.595 30720 4.01354 30720 0.326176 30720 161.416 
3205.11 30720 30720 30720 30720 960 30720 542.033 30720 6.20666 5.86601 30720 30720 327.53 30720 2716.91 0.382811 30720 30720 30720 30720 30720 0.27638 30720 9.4483 1.60917 30720 30720 6.19854 30720 
180.054 30720 2802.13 18.2054 3070.37 30720 960 5.21415 2.72075 30720 0.54302 2951.4 30720 2.67959 0.272702 30720 1.47497 11.7635 45.7042 30720 2831.74 9.53926 30720 30720 657.195 17.7971 30720 3142.98 30720 171.404 
30720 0.542472 3124.18 30720 173.89 542.033 5.21415 960 30720 30720 460.941 2919.43 30720 2761.78 2790 30720 2951.4 30720 30720 3150.69 30720 30720 0.270113 30720 0.594122 41.6314 30720 30720 30720 30720 
30720 51.8962 0.298586 30720 767.792 30720 2.72075 30720 960 195.063 30720 11.7822 30720 30720 30720 30720 30720 30720 30720 30720 30720 30720 30720 2833.02 30720 136.035 30720 0.276198 2716.91 2964.58 
0.396627 1055.61 702.16 30720 45.1192 6.20666 30720 30720 195.063 960 30720 2716.33 0.332191 4.715 30720 2932.24 2563.45 30720 30720 1.01592 30720 30720 30720 30720 30720 7.61346 2.47034 30720 2951.4 30720 
178.533 10.8372 30720 375.176 30720 5.86601 0.54302 460.941 30720 30720 960 30720 30720 0.725999 469.633 30720 44.0504 30720 30720 192.972 30720 30720 30720 30720 0.268268 8.76837 761.648 30720 10.965 30720 
30720 30720 30720 4.42379 1041.08 30720 2951.4 2919.43 11.7822 2716.33 30720 960 37.9513 3.42577 612.171 743.6 2693.95 30720 30720 2759.64 0.274353 30720 30720 30720 30720 750.85 0.315519 191.212 2926.71 2914.72 
30720 30720 712.092 30720 621.618 30720 30720 30720 30720 0.332191 30720 37.9513 960 10.7745 30720 2833.02 45.373 30720 30720 1027.96 30720 30720 30720 30720 30720 1.74981 0.268242 30720 1091.2 30720 
32.4689 0.576097 34.7973 33.383 8.52867 327.53 2.67959 2761.78 30720 4.715 0.725999 3.42577 10.7745 960 16.8206 9.36147 9.99627 32.5533 2563.45 8.56253 42.9112 3.90644 2964.58 7.84577 0.70765 1.33662 30720 161.831 5.72789 30720 
30720 30720 30720 0.268467 30720 30720 0.272702 2790 30720 30720 469.633 612.171 30720 16.8206 960 30720 30720 30720 30720 30720 30720 30720 30720 30720 30720 2629.14 30720 3016.84 30720 30720 
0.2804 30720 30720 30720 30720 2716.91 30720 30720 30720 2932.24 30720 743.6 2833.02 9.36147 30720 960 30720 512.943 0.268242 160.955 30720 30720 30720 46.1891 30720 44.2379 30720 30720 3124.18 30720 
30720 6.73609 30720 231.433 1569.03 0.382811 1.47497 2951.4 30720 2563.45 44.0504 2693.95 45.373 9.99627 30720 30720 960 30720 148.598 30720 3016.84 0.885233 2836.89 30720 274.673 0.370606 3002.76 30720 38.6284 554.14 
30720 30720 30720 30720 46.1891 30720 11.7635 30720 30720 30720 30720 30720 30720 32.5533 30720 512.943 30720 960 0.280869 0.268242 30720 30720 30720 30720 30720 36.0139 30720 30720 1439.79 30720 
128.661 30720 30720 30720 30720 30720 45.7042 30720 30720 30720 30720 30720 30720 2563.45 30720 0.268242 148.598 0.280869 960 7.63452 30720 30720 30720 30720 30720 30720 30720 30720 30720 30720 
39.1466 30720 30720 30720 30720 30720 30720 3150.69 30720 1.01592 192.972 2759.64 1027.96 8.56253 30720 160.955 30720 0.268242 7.63452 960 12.1742 30720 30720 30720 37.5548 69.4227 30720 30720 0.428358 30720 
30720 30720 30720 30720 0.270304 30720 2831.74 30720 30720 30720 30720 0.274353 30720 42.9112 30720 30720 3016.84 30720 30720 12.1742 960 30720 30720 2932.24 204.101 30720 30720 3002.76 30720 30720 
30720 3016.84 45.4852 0.476585 35.0295 30720 9.53926 30720 30720 30720 30720 30720 30720 3.90644 30720 30720 0.885233 30720 30720 30720 30720 960 30720 1444.12 30720 8.1445 2964.58 384.789 30720 0.270983 
2951.4 89.4822 30720 30720 30720 0.27638 30720 0.270113 30720 30720 30720 30720 30720 2964.58 30720 30720 2836.89 30720 30720 30720 30720 30720 960 30720 1013.11 8.17644 30720 3205.11 30720 30720 
30720 2951.4 0.282557 43.2345 71.595 30720 30720 30720 2833.02 30720 30720 30720 30720 7.84577 30720 46.1891 30720 30720 30720 30720 2932.24 1444.12 30720 960 2964.58 9.22912 30720 259.722 30720 0.276493 
2790 490.615 30720 666.498 30720 9.4483 657.195 0.594122 30720 30720 0.268268 30720 30720 0.70765 30720 30720 274.673 30720 30720 37.5548 204.101 30720 1013.11 2964.58 960 2.17988 186.028 49.2673 2693.95 30720 
662.163 8.76491 7.74022 1.06896 4.01354 1.60917 17.7971 41.6314 136.035 7.61346 8.76837 750.85 1.74981 1.33662 2629.14 44.2379 0.370606 36.0139 30720 69.4227 30720 8.1445 8.17644 9.22912 2.17988 960 6.84898 30720 3142.98 33.3661 
3142.98 30720 30720 2759.64 30720 30720 30720 30720 30720 2.47034 761.648 0.315519 0.268242 30720 30720 30720 3002.76 30720 30720 30720 30720 2964.58 30720 30720 186.028 6.84898 960 30720 30720 30720 
30720 30720 3.64798 2.82408 0.326176 30720 3142.98 30720 0.276198 30720 30720 191.212 30720 161.831 3016.84 30720 30720 30720 30720 30720 3002.76 384.789 3205.11 259.722 49.2673 30720 30720 960 30720 9.7808 
0.848905 0.286761 30720 30720 30720 6.19854 30720 30720 2716.91 2951.4 10.965 2926.71 1091.2 5.72789 30720 3124.18 38.6284 1439.79 30720 0.428358 30720 30720 30720 30720 2693.95 3142.98 30720 30720 960 30720 
30720 30720 402.712 30720 161.416 30720 171.404 30720 2964.58 30720 30720 2914.72 30720 30720 30720 30720 554.14 30720 30720 30720 30720 0.270983 30720 0.276493 30720 33.3661 30720 9.7808 30720 960 
